2337571
2380281
1071
2358261
2370800
2386764
2369239
2364575
2374353
2361597
2337877
2370994
2374745
2352967
2352284
2323075
2390165
2385299
2356705
2333916
2331713
589
1592270
2381767
2324673
2395390
2329066
2962
2397936
2319671
2403288
2367777
2322569
2351821
2331300
2364426
2348718
2316521
2379335
2333705
2382580
2374753
2393170
2354911
2391556
2379205
2375505
2326419
2403907
2348964
2370365
2399129
2398827
2363709
2346520
2392709
2386962
2391015
2351419
2349648
2398473
2366888
2138
2403983
2411361
2348243
2317284
2366985
2361147
2353428
2327960
2316394
2346928
2351957
2359850
2387215
2343617
2395662
2320976
2322906
2390562
1592711
2359163
2402463
2403382
2394103
2393045
2320893
2401888
2331439
2411627
2392114
2642
2349933
2409641
2356534
2371929
2338194
2398341
2374179
2340252
2398609
2386181
2383020
2318982
2378004
2387491
2357545
2316875
2384273
2362576
2362794
2327082
2389735
2323747
2386810
2392229
2355651
2409924
2407106
2397841
400
2365403
2318874
2414423
2390275
2336407
2319581
2326780
2383252
2379613
2349008
2343106
2339970
2339224
2407554
2335768
2361660
2344143
2338690
2328176
2362484
2405164
2383013
2363411
2328433
2343823
2392395
2778
2332908
2406854
2344804
2317020
2380934
4284
2378895
2380691
2358689
2345744
2363945
2338958
2337066
2344543
2395367
2333707
2335707
2381651
2360794
2343322
2364360
2344382
2347400
2376598
2319537
2324929
2318200
2341635
2324879
2390040
2406813
2390587
3679
2378754
2340032
2369514
2333316
2321597
2391092
2339303
2389418
2406092
2394515
2389636
2378863
2411943
2316626
2401248
2332613
2362523
2332254
2382325
2336279
2385444
2390926
2351189
2406877
2384181
2377954
2399421
2404464
2406738
2317774
2403130
2344730
2375424
2363283
2400788
2353772
2339264
2404489
2315541
2338655
2414901
2336252
2381227
2405075
2373206
2403382
2375243
2362601
2357604
2317823
2319923
2356387
497934
2359442
4396
2381995
2330147
2363930
2409122
2374886
2405915
2358381
2360683
2398670
2407852
2409044
2373739
2337030
2388155
2354030
2359887
2359070
2384931
2410561
2403794
2328216
1592366
2367467
2388453
2338419
2336152
2350323
2405447
2397895
2350042
2390404
2350134
2385646
2409114
2316400
2350003
2397312
2325877
2320639
2387379
2342962
324
2325934
2373579
2375922
2352701
2364401
2323719
2344565
2322997
2402999
2403008
2389968
2330236
2410197
2408408
2403766
2416151
2410339
2350648
1625
2392943
2334317
2378837
2417031
2407073
2391300
2370468
2399002
2394468
1592144
787
2340016
2344937
2326424
2356957
2344505
2383717
2385684
2338973
2390049
2335049
2370479
2367783
2378607
713689
2399134
2363308
2347049
2337074
2412155
2366311
2392700
1287
2336468
2338217
2415866
408
2353651
2339607
2339670
2399000
2363408
2327449
2377455
2398088
2338570
2903
2372723
2366108
2340715
1592523
2391849
2369713
2350001
2409278
2344551
2342080
2413373
2377208
2331412
2416667
2365460
2677
2338136
2331374
2334258
2321491
2366600
2322203
2411657
2356422
713287
4838
2391665
2317660
2392775
2374888
180
2335636
2387564
2381900
2342559
2362573
2371452
2382882
2363538
2397836
285770
2372096
2323953
2367789
2391543
2342221
2372027
2316432
2323454
2407044
2322963
1322
2410462
2367327
2398522
2365402
1592719
2370511
2348763
2367090
2344323
2360065
2328938
2366124
2390763
2350039
2391788
2396695
2317781
2366527
1592687
1592250
2411326
2417445
2375610
2359070
2413912
2407144
2415983
2376174
2366060
2346322
2363792
2396265
2417607
2317107
1447
2356623
2402878
2410044
2347607
2399369
2321385
2411116
2333940
2349839
664
2319744
2362303
2385602
2325830
2356295
2346183
2343210
2401501
2376877
2358171
2351620
2349128
2332457
2365197
2376361
2319435
2403107
2359407
4379
2384526
2385478
2393749
2371771
2414025
1592835
2347234
2340924
2336089
2367063
2368952
2352235
2375094
2317722
2338693
2369574
2366577
2365880
2414139
2390777
3415
2318781
2406205
2343056
2408740
2372422
2375080
2345459
2362309
2398037
2382548
2368679
2367863
2322369
2416607
713486
2405791
2381546
2324415
2345729
2350505
2340793
2318700
2353807
2378801
2327805
2401497
2369275
2327273
2362486
2334303
2396899
2334456
2323575
2358088
2369240
2342091
2369297
2384211
4266
2360006
2321154
2324886
2364739
2386534
2399906
150303
2334513
2323396
2374914
2326688
2401103
2323494
2404338
2338801
2406943
2371523
2930
2380913
713409
2338776
2414719
2332444
2343958
2349429
2345803
2389510
2327303
2416260
2383308
2397242
2408435
2366082
2371437
2385116
2355787
2318925
713808
2356956
2404671
2325483
2380769
2352113
2347484
2398068
2389919
2367495
2413462
2396083
2397856
2387848
2321931
2331852
1159408
498082
2397514
713911
2387060
3729
1592883
2337255
2380944
2347142
2404870
2328632
2372270
46
2392957
2349508
2362627
2398142
2350976
2386511
2389140
2409817
2343477
2398037
2346926
2410094
2347388
150456
2228
2401934
2391075
2331346
2362365
2362123
2373349
2375633
2414742
3902
2327872
2383245
2331510
2352338
2382941
2369238
2339887
2405071
2354491
2394707
2350164
2349372
2345491
2372464
2382065
2341439
2359701
2389506
2327017
2349036
2376926
2394347
2377121
2368990
498395
2368655
2346024
1592596
2377754
2331530
2402121
2315947
2388371
2366289
2364337
2351241
2350007
2340401
2339377
61527
2365318
498341
2396835
2319226
2346954
2324599
498252
2410104
2355512
2397883
2373123
2406737
2387583
2361901
2318243
2383472
2416398
2366992
2322008
107908
2386829
2396903
2373325
2380043
2325503
2354139
3586
2355966
2411650
2399670
2404674
2405360
2393169
2323763
2384869
2336302
2370073
2372523
2398529
713820
2332840
2408451
2114
2328108
1159924
2366631
2320948
2339494
2370579
2383618
2393865
2387428
2331951
2365153
2359133
2384920
2324111
2416617
2344177
2325540
2331407
2370960
2382877
2380589
2396201
2355865
2316825
2398882
2382323
2399792
2400154
2342632
2417829
2320640
2340119
2346965
2380257
2411738
2364803
2553
627
2358379
2363817
2323978
2395204
2328298
2416397
2373397
1567
2344774
2378886
2414650
2408843
2328171
2381406
2319105
2377740
2384099
2327212
2367570
2370671
2402655
2390833
2325427
2338779
1592925
2340171
2328475
2390304
2398083
2360819
2388931
2414881
2407034
2316451
2343044
2356024
2384950
2354810
2331628
2325379
2409683
2354383
2328543
2366278
2411934
2409043
2365545
2383287
2391826
2316593
2410003
2353088
2364079
2392407
2346689
2365658
2338490
2389141
2327556
2325085
2391389
2383807
2388821
2363536
2367631
2316961
2415917
2394050
2347394
498147
2414231
2387122
2350981
2329371
2412760
2407335
2352813
2380744
2375011
2377517
2341464
2401268
2319735
2355319
2364289
2346861
2340529
2360383
2367758
2392066
2359548
2338822
373
2401703
2330344
2332720
2329562
3604
2358120
2371404
2329008
2416614
2347288
2400910
2398494
2398901
2386256
2349404
2317513
2376261
2417833
2410767
150307
2396851
1159342
2341141
2324241
2413593
2396880
2374711
2329110
2347727
2345237
4709
713030
2326717
2417117
2398546
2393690
2385970
2318921
2325758
2355939
2368669
2369635
2322716
2406799
2393859
2366725
2341078
2392810
2322289
2334899
2375766
2340880
2356964
2338476
2338756
2391125
2363662
4158
2325325
2340050
2370174
2359586
2374330
4860
2355947
2722
2416837
2342392
2411406
2406721
2352516
2386084
2374588
2392911
2379346
2335568
2409025
2316471
2334091
2358580
2384176
2364916
2374936
2372453
2411782
2368806
2386914
2344930
2400135
2334201
2341037
2417752
2376844
2347442
2322084
2363375
2362145
3391
2352526
2355671
2377703
2406647
2352323
1159899
2410387
2391771
4891
2405130
2559
2354292
2355383
2388112
2384576
2369012
2345820
2411949
2368098
2336737
2327496
2377372
2402869
2387699
2358299
2374359
2399241
2348658
2337927
2327906
2407504
2415271
2413979
2320943
2383896
3781
2319576
2378865
2332154
2270
2331142
1309
2325121
2327248
2356099
2334167
2372604
2323371
2335181
2318949
2387855
713483
2411308
2395374
2417389
2410582
2356297
2353842
2370142
2411604
3299
2361749
2346363
2388371
2340365
2392896
2402740
2364946
2408984
2324755
2336619
2561
2374644
2379085
2393062
1592459
2392214
2345
2394246
2406437
2316406
2369773
2337553
2381681
2379725
2414347
2395021
2335249
2319100
2411333
2320579
2320052
2336463
2366576
2347018
2322861
2363107
1159771
2393991
2337222
2382810
2358631
2380422
2389967
2315726
2381106
2413071
2329962
2343974
2353531
2366209
2404541
2354286
2317506
713699
2337105
2350662
2384483
2360595
2322963
2359448
2371112
2337019
2376051
2370491
2353627
2386998
2358780
3603
2394457
2338951
2397654
2342171
2316032
498207
2325559
2382993
2360413
2345427
2349657
2404697
2356538
2384008
2331311
2417338
2337070
2364559
2358575
2325560
3333
2340001
2406215
2350543
713302
2341410
2341475
2392857
2331233
2372590
2356167
3784
1591904
2368073
2338504
2338948
2357433
2350515
2349960
2350107
2347681
2413220
2355846
2400421
158
2370584
2365561
2380480
2416842
2353108
2366483
2363717
2332370
2332224
2343642
2377644
2412725
2315450
2353547
2356170
2347509
2320041
2354819
2322296
2341424
2410259
2406509
2413599
2394746
2332952
2349986
2343146
2366170
2402437
2336699
2391085
2359194
2389820
2399776
2346384
2399129
2382341
2340704
2392646
2385265
2328744
2345374
2330975
2353694
2411297
2369408
2389754
2366595
2369580
2329491
2392828
2389437
2339318
2346166
2363358
2342059
2326998
2401253
2374011
2337323
2331831
2399325
2377978
2357920
2343524
2341657
2407543
2339535
2407066
2327635
2367956
2326172
2317960
2347427
2387778
2366808
2417140
2330342
2324725
2339613
2336963
2328487
2366145
2396304
2355253
2365510
2335106
2412272
2321279
2356859
2344428
2321434
2402659
2348209
2329801
2388404
2411280
2393040
2326143
2404173
498217
2397509
3166
2375048
2339718
2347744
2371394
2328336
2331066
2392014
2337657
2348592
2354730
2334069
2924
2332362
4557
2347450
2369264
2374130
2316061
2417816
2338503
2381689
2352389
2345423
2393429
2389267
1592813
2394839
2349448
2385342
2344784
2394964
2412726
2391721
2404431
2366218
1159790
2354205
2335501
2320033
3646
713799
2395438
2365049
2384245
2358258
2319325
2388873
2372018
2377517
2407801
2368108
2336537
2332946
2321287
2374353
2366595
2323944
2358580
2353460
2338996
2396123
2412790
1028
2416549
2325536
2327024
2413783
2405273
2352780
2405373
2322129
2315992
2378915
2368352
2359115
2377436
4422
2411048
2387945
2382749
2351127
2367095
2337298
2351691
2409041
285716
2355880
2380056
2345710
2331577
2388982
713608
2359311
2340260
2410779
2324185
2405132
713738
2346126
2340767
2406351
2360755
2334378
2329946
2384766
2378809
2385318
2342403
2389126
2329783
2376405
2401250
2316945
2374252
2404067
2334893
2390975
2327761
2404846
2374439
2317155
2363444
2320832
2344991
2360180
2380133
2759
2370686
2398675
2368861
2415607
2383281
2353687
2339402
2328964
2413277
2320705
2410821
2352626
285722
2344933
2408708
2328278
713169
2380738
2321131
2316615
2317356
2395189
2334543
2373853
2338214
2317460
2403988
2370038
2405938
2377413
1173
2365075
2409407
875
2401782
2385873
2349413
2315939
2329570
2358651
4045
2386634
2386102
1592355
2405584
2373283
2364561
2366137
2330419
2374198
2342531
2337829
2351416
2395056
2415611
2327081
2336061
2333383
150378
2409216
2317202
2385165
3290
2392003
2392833
2405176
2349984
2349030
4864
2346023
2381473
2338959
978
2409218
1159860
2390561
2347127
2328354
2358464
2406751
285610
2331053
2338163
2372986
2329687
2325444
2377344
2360301
2324535
2359093
2398352
1886
405
2399816
2412235
2345425
2378151
2326862
1453
2407533
2375098
2331181
2416418
2369667
1593211
2369257
2352692
2337823
150424
1159550
2409878
2398132
2361024
2345523
2374892
2349628
2389415
2321504
2359314
2352176
2401029
2340254
2369439
1159442
2337666
2380555
2347913
2325768
2411637
2388152
2397541
2367096
2365952
2342718
2378475
2410750
2351958
2335201
107935
2353332
2378216
2388404
2413493
2325135
2334167
2384323
2358351
2387280
2384678
2369573
2352456
2390046
2354764
1159746
2375254
2364107
2354775
2368636
2382283
2345442
2343841
2353997
2392689
2327186
2320604
2379839
2383939
2386573
2316051
2402650
2406583
2382414
2348757
2341419
2389870
2380787
2341313
2386017
2409869
713697
2362485
2377419
2386749
2386039
2335448
2324670
2407678
2414544
2339537
2354971
1246
2319594
2367346
2365988
1313
2378763
2409498
2410040
2408667
2348725
2348121
2332986
2401569
2396350
4812
2388280
2397587
2395071
2340381
2408781
2413313
2365103
2368047
2412071
2345739
2402270
713844
2317166
107975
2338785
2393745
2365533
2400979
2404249
2365603
1592369
2316654
2380900
2388394
2387845
2357
2383190
2356280
2320755
2328486
2347708
2356806
1159505
2368013
2331856
2347165
2334527
2368547
1592370
2391092
2402253
2325249
2410391
2389944
2415674
2395874
2337600
2393291
2387691
2413558
2352622
2323965
2316079
2315952
2396033
2370512
2403729
2404587
2406540
2336445
2326517
2390084
2400229
2345181
2353573
2383962
2376941
2331178
2342735
2315368
2401007
1592838
2394841
2323498
2318429
61539
498318
2331961
1159804
2386263
2402109
2370424
2372636
1718
4952
2358878
2404106
2396472
150364
2348917
2381134
2386261
2412649
2572
2394708
498144
2402419
2389412
2376388
2394148
2357682
2351279
2875
2374208
2360152
2333263
2349120
2325131
2408018
2417726
2349522
2350901
2364065
2341632
2403134
2416950
2333924
2413688
2351242
2318158
2383073
2384027
2404226
3545
2405440
2373869
2368146
2354270
2414864
2351763
2413195
2340755
2394527
2392423
2378831
2338173
270
2329399
2322639
150311
2401834
2339593
2341136
2382606
2367654
2371755
2395897
2328716
2363
2355788
2387474
2407680
2318464
2359947
2330823
2367276
2331355
2392134
2416108
1159292
2324185
2359850
2328868
2340928
2330538
2346274
2409574
2361551
2333769
2334012
2315685
2353230
107922
2332001
2391304
2319416
2348105
2343891
2332192
2361955
713778
2344998
2415767
2404039
2376405
2336939
2356512
2407373
2359433
2375395
2343720
2373187
3583
2378941
2398410
2340497
2329587
2335951
2386524
2320286
2354329
2393657
2320869
2324282
2390913
2335264
2327799
2387512
2329822
2417810
2373380
2330727
713447
2403681
2331938
1334
2331723
2410523
2366732
2354729
4181
2326481
2382113
2318664
2403632
2399164
2399056
2331266
2391051
2334815
2414870
2359113
2334974
2317813
2413026
2357834
2341806
2347825
2367350
2319938
2317449
2349798
2364387
2328632
2387660
2360520
2370950
2330181
2398765
2333100
2315878
2404158
2326176
2396018
2382064
2374302
2398225
2416953
2319621
2319448
2374641
1059
2368496
2316726
2368617
2331236
2409
2332177
2414361
2326831
2396490
2335326
2411137
4637
2319967
2318502
578
2370564
2358563
2379585
2387643
2318917
2365434
2333728
2331851
2334875
2383666
2383525
2318390
2325472
2322240
2409189
2352893
2359085
2331677
2358180
2391817
2405042
2354676
2393749
2373466
2395373
2382200
2389952
2335845
2359774
2372989
2381619
2367901
2362519
2365833
2320928
2330096
2366818
2405218
2341309
2334378
2324565
2361071
2391223
2319979
2411317
2404149
4611
2377493
1159958
2409966
2330775
2376411
2387914
2363099
2331226
497941
2660
2378947
2401181
2369795
2364697
2326804
2415055
1592341
2399953
2357997
2349173
2411108
2388218
2333955
2347600
2382626
2770
2368708
2329574
2388714
2400655
2349957
2347599
3956
2349942
2367768
2366927
2340944
2318042
2361624
2337664
2348404
2328346
2387345
2371804
2386947
2389719
2342265
2366460
2338068
2323946
2355350
2332748
2395495
2330946
3705
2317923
2340068
2398497
2399626
2364259
2363857
2400208
2400676
2387337
114
1159516
2402150
2405513
2365074
2374925
2348429
2404835
2394506
2406087
2360466
2409447
2377416
2395858
2406660
2333431
2365919
2365408
3045
2331270
2350406
2403615
2336963
2324865
2327826
2347552
2320950
2390646
2337732
2327202
2397864
2409730
2346029
2352451
4876
2391771
2391375
2397240
2356774
2401175
2327388
2392502
2408845
2366374
2336352
2393822
2358863
2322743
2391039
2837
2379495
2376205
2329643
2396911
2345593
2403825
2357373
2333243
2340375
2404095
2338857
2403020
2335845
2408897
2363990
2344650
2339402
2398720
2377092
498230
2378840
2344607
2384345
2382447
2371310
2402963
108
2383253
2377053
2386254
2361216
2380057
2362627
2408189
2411177
2390675
2391980
2374571
2416057
2348569
2402588
2414376
2335854
1159952
2411595
2401374
2387338
2387693
2367179
2353536
2353594
2362349
2324741
2404198
2389511
2663
2415962
2345289
2390246
2322593
2385975
2415754
2375257
2388114
1011
3902
2400929
2317182
2358481
2384533
2380779
2396986
2408327
551
2416406
2318318
2408102
2320920
285962
2388523
2416475
1592752
2404475
2405225
2342526
2399211
2335747
2416551
2366308
2353189
2318556
2348474
4104
2389398
2380186
2319081
2358537
2360446
2402367
2398055
2323119
2389344
2401703
2351834
2321402
2400751
2361701
2342659
2370558
2344741
2415923
2359057
2316051
2348070
2334683
2364223
2361992
2340197
2341431
2380930
2324303
2416925
1159719
2340636
2453
2330696
2381564
2360552
2359539
2324045
2334109
2372008
2408557
2385285
2375508
2416990
2401057
2357901
1592838
2384156
2369987
2327780
713868
2400270
2360420
2381755
2416025
3076
2414904
2377140
2363606
2380333
2399721
2319456
2319855
2341206
2411647
2329225
2365384
2319853
2396864
2342762
2367043
2346650
2336179
2407268
2407069
2354305
2321323
2397045
2328923
627
3981
2406241
2316656
2338649
2394518
2336198
2383585
2398674
2365911
4401
2348178
2077
713005
2410475
2371675
2352666
2317542
2377576
2318688
2353158
2410785
2360159
2375720
2316957
2395628
2351822
2349808
4282
2323909
2391838
1593170
667
2366489
2387371
2408584
2375803
2381859
2363475
2391720
2352594
2348525
2382480
2336584
1159628
2399579
2349039
2414211
2371985
2416621
2374597
2359257
2381186
2354070
2340987
2403464
2333606
2366139
2382290
2344706
2391883
2406111
2323846
2663
2337611
2393632
2319571
2365231
2315930
2394695
2351507
2386089
2342903
2415384
2375727
2325339
2396511
2374493
2404537
713519
2411633
2351843
2353624
2356709
2331089
2388353
2368483
2320427
2406918
2360436
2363792
2342108
2344147
2403424
2402354
2401339
2386725
2330548
2381981
2412198
2320440
2406742
4186
2408321
2340177
150324
2357737
2410603
2376933
1172
1159735
2408421
2405635
2404875
2351976
2410797
2360932
2316525
2385624
2329841
2346623
2326670
2317136
2408202
2393420
2335112
2335760
2328697
2353970
2331114
2342295
2341337
2355265
2413667
2400185
2386902
2412084
2351813
2360066
2339125
2386267
2322513
2383832
2332297
2342052
2368395
2320137
2323014
2410314
2339669
2406358
2355708
2385575
2363491
2416326
1593082
2386645
2347379
2384542
2378750
2410764
2355076
2319315
2377300
1159816
2413572
2381415
1159900
2355187
1593003
2416747
2343719
2324802
2369287
2364308
2408781
2383299
2414413
2337350
2340330
2399591
2415378
2371810
2414107
2333138
713227
2385457
2327476
2324207
2409433
2346437
2339314
2391589
2362971
2376683
2413026
2371067
1592377
2356300
2351090
2339944
2341544
2323836
2358933
2334774
2370186
2405267
2345626
2416289
2403703
2405022
2384627
2384887
2408983
2324869
2409142
2403752
2336145
2341530
2399352
2409487
2319514
2381553
2381823
2391859
2383371
2413678
2315861
2394258
2320125
2326927
2335491
2412295
2415903
2385508
2383064
2379494
2317682
2359484
2329428
2361113
2339401
2329277
2386638
1592564
1160109
2385420
2409711
2366305
2349828
2350531
2353170
2408190
2356050
2383803
2405959
2350011
252
1159471
2328444
2413893
2381510
2386780
2322100
2327539
2413402
2406219
2411711
2353244
2409229
2331513
2328109
2335681
1664
2397998
2398841
2381583
2327578
2356831
2318032
2411023
2385045
2332570
2362354
2316965
2382608
2387971
2390834
2319993
2407889
4568
2411717
2357308
2409752
2352521
2385128
2330545
2318909
2357504
2409349
2362418
2396738
2344071
2369734
2363664
1809
2343421
2396434
2326255
2408030
2368577
2354915
1190
2362156
2321355
2329669
2344243
2397333
2394866
2396740
2320659
2398165
2348792
2413992
2401317
2204
2345860
150308
2398724
2355604
2390555
2417461
2354534
2316904
782
2327959
2376742
2391689
2374845
2382349
4226
2370208
2363150
2337992
2370206
2368458
2391688
2395911
2341302
2334012
2352638
2386661
2324901
2395187
713309
2323778
2316399
2412785
2393880
2338014
2336368
3357
2415941
2376994
2329209
2336543
2011
2374255
2359210
2385151
2350296
2316721
2400850
2381246
2358750
2405170
2347374
2333329
2360405
2348854
2331540
2362017
2372465
2348106
2408333
2328973
2344835
2346459
2399639
2359860
2410010
2383843
2403864
2369981
2323534
2392714
2404105
2339133
2316112
2347279
2322394
2348195
2346998
2398509
2417949
2393329
2315972
2346621
2342026
2397602
1159355
2377506
2417951
2414190
2342912
2328963
2410585
2398239
2354968
2390331
2324608
2390726
2331212
2360671
2348303
2331535
2322925
2408834
1159311
2329361
2400456
2416968
2356044
2408381
2355802
2344003
2361234
2333690
2333036
2373909
2337508
2368257
2403575
2363384
2357302
2376421
2361551
2417189
2321999
2354701
2327483
2391237
2326742
2347001
2335775
2347447
4332
2327225
2335747
2375958
2382570
2372321
2343689
2373803
2331627
2355139
2374068
285853
2357429
2396420
2415872
2386436
2341722
2383079
2395809
2326573
2335140
2338435
2398479
2361956
2413218
2321157
2346833
150276
2405930
2369948
2402784
2385859
2384932
1842
2364345
2374928
2385228
2257
2344893
2385315
2319821
2327972
2359872
4459
2389028
2374357
2341472
2393545
1160079
2411050
2383304
2367887
2400048
2379529
2360578
2388207
2326583
2338473
2338142
2391716
2399959
2327540
2414776
2328923
2394167
2392019
2338963
2346425
1687
2340825
2403115
2365889
2400079
2382516
2332575
2341525
2412793
2378345
2381082
2345994
2382163
2401740
2368912
2386408
2370391
165
2322985
738
2321845
2402318
1591948
2335817
2316357
713390
2410400
1160076
2352420
2344043
2361335
2342268
2329551
2326667
2388016
2349519
2408042
2316036
2413411
2327358
2391660
2342222
2368704
2361039
2392152
2362302
2321058
2359079
1592009
2327516
2355916
2408487
2391332
2342842
2328749
2400791
2321939
498064
2321983
2334955
2366823
2379501
2334101
2390694
2370289
2406296
2391954
2363313
2403649
2398639
2387449
2370215
2317359
2385417
2410488
2356616
2326227
2377850
2369913
2373059
2348488
2377014
2315938
2411539
2407812
2407209
2331947
2338297
2394368
2376742
2400572
2337767
2415908
2405171
2410741
2339525
2331435
2367267
2356495
2356856
2388715
2390177
2389446
713520
2336785
2353222
2400501
2370717
2317430
2415475
2336042
2395385
2398467
2372153
2354739
4650
2393451
2334845
2321946
2315875
2342672
2318087
2342020
2373193
2354800
2331689
2360093
2392887
2398015
2377898
2388486
2382702
1160110
2347940
2412140
2391720
2365137
853
1591791
2344948
2406870
2332392
2381405
1438
2390163
2323179
1485
2416331
2416643
2416868
2367820
2378405
2355074
2376384
2351088
2356326
2315534
2409177
2326325
2407562
2359674
2336534
2334466
2329123
2379380
2381997
2384455
2332004
2354253
2358337
2364161
2391154
2375877
2346458
2317971
2410017
2347465
2358448
2356424
2398119
2349653
2323784
2327140
2343032
2392634
2350742
1128
2347385
2409543
2322236
2368925
2332638
2394684
2336882
2321814
2320856
713412
2355252
2329201
2374722
2401983
2317552
2366553
713713
2397811
2339318
2371176
2337370
2322579
2325113
2417234
2405602
2408630
2407960
2334297
2361641
2377434
2352845
2390351
2391155
2323675
2393031
2376652
2358193
2331250
2411846
2403667
2345095
2334249
2341505
1592825
2365484
2331918
2367327
2366813
2387518
2330919
2369644
2416994
2335742
2405133
2389608
2328629
2327043
2408153
2391313
2361999
2352911
2364438
2357396
2318576
2406957
2340940
2394152
2402651
2370947
2392426
2336269
2359489
2355958
2347441
2380724
2408716
2393470
2364668
2327892
2317734
2403955
2379742
2397728
2340106
2335623
2376505
2342337
2353104
2345135
2374254
2402025
2378942
2411738
2359185
2366947
2362134
2406170
2416394
2399352
2366907
2392334
2359262
2401288
2389390
1621
2384284
2413511
2388059
2379459
2386763
2385325
2357743
2382306
2358921
2389061
5
2343881
2319589
2326893
2371388
2402913
2364566
2334137
2404515
2385900
2408615
2411930
2331457
2409878
2351349
2365434
2352539
2412450
2320378
2402662
713257
2323361
2359632
2316407
990
2350865
2327302
2408635
2355261
2328445
2347773
2095
2383920
2351518
2321177
2385587
2385906
2413319
2357803
2387053
2411571
2358860
2373124
2353798
2359857
2355535
2336767
2358710
2395135
2321383
2352696
2319834
2392821
2362980
2356250
2316292
2317855
2349521
2351045
3171
498337
2393372
2400071
3588
2319900
2407297
2336480
2315519
2333837
2366331
2383418
2330088
2387496
2385166
2413188
2366051
1592842
2417012
1591770
2354934
2362478
2335277
2337462
2413864
2371777
2399435
141
2406837
2363030
2329236
2317406
2316948
2327508
2416033
2324691
2390921
2408512
2358493
2380705
2384930
2367338
2358257
2324013
2320142
2380925
2379395
2341767
2399506
2346223
2322752
2325747
2410703
2358292
2376126
2325494
3314
2331767
2335042
2321659
2337440
2410861
2392177
2389297
2377877
2413741
2416015
2387083
2378030
2347739
2347198
2329983
2390074
2387977
2370361
2364962
4702
4792
2344253
2398378
2413585
2371834
2402204
2391955
2401333
2354967
2415583
2351490
2387680
2397535
2378694
2400489
2403786
2328259
2353245
2346088
2343450
2395295
919
2358040
2378687
2413915
713577
2378639
497922
2323259
2360989
2356444
2398463
2325093
3199
2417655
2374241
2395446
2627
2323399
2373023
2347073
285867
2411249
2324097
2384010
2395964
2318081
2412424
2344443
2342
2369668
2409575
2341424
4744
2413915
2374219
2380490
2352927
2361864
1591851
2352936
1159719
2358996
2407610
2381170
2408395
2346249
2324231
2337637
2359154
2409079
2397855
2403395
713285
2389409
1592431
2405453
2322471
2401845
2406134
2393695
2406528
2326474
2413358
2340506
2315654
2406626
2336285
2408343
2361471
2328204
2326735
2324822
2412344
2358642
2660
2412621
2354548
713469
2388795
288
2321291
2334801
2352970
2413716
2349434
61606
2402847
2378499
2344740
1159341
1593035
2349402
1159885
2378493
2323191
1601
2387094
2400982
2329398
2353707
2332093
2365268
2353490
2336827
2322671
1592899
2341737
4293
2330411
2329502
3283
2417223
2407367
2369266
2345614
2370304
2359963
2369274
2278
2397495
2320587
2396588
2322262
2411117
2370086
2327734
286077
2356864
2389769
2404069
2395805
2338103
2409201
498153
2365755
2396042
2327925
2857
2386803
2392714
713220
2401132
2406831
2339799
2332832
2342079
1593039
2353520
2345631
2331703
2358713
2373623
2360967
2340519
2327494
620
2348320
2396179
2386633
2388442
2403476
2320737
2333990
2342640
2403798
2344326
2350757
2358309
2367875
2404055
2330968
2400522
2362634
1592735
1592525
2365231
2388905
2384559
2324647
2368182
2347280
2380637
2383654
2390531
2412463
2400599
2332800
2362189
2377445
2341376
2373728
2353968
2325506
2348404
2391038
2331618
2329188
2316257
2409304
2323307
2323378
2332282
2370082
2349088
2384386
2332502
2375404
285838
2410950
2394309
2327990
1591848
2350139
2391800
2325199
2329493
2406285
285934
2347343
2373163
2402347
286060
2365986
2301
2372037
2414050
2384892
2388984
1160046
2351488
2413479
2355637
1593246
2396974
2391745
2357048
713372
2353191
2358188
2368952
2333805
2412186
2403220
2324567
2333138
2318141
2332706
2327999
2197
2328630
2333345
2381961
2350224
2371866
2387024
2389632
2364152
4212
2330316
2417332
2413889
1160137
2340038
2326588
2333451
2394051
2338145
2411321
2416132
2368233
2382335
2366942
2411149
2358892
2378236
2393740
2335121
2338342
2371380
2379143
2395769
2340171
2319978
2389054
2323501
2359545
2399996
2339023
2405625
2347797
2397866
1159485
1601
1614
2368411
2360715
2388363
2867
2354771
2400000
2383346
2318845
2405088
1591838
2408024
2333409
2407856
3388
2381137
2357652
2401182
2410615
2400210
2394440
2396893
2339263
2392440
2391058
2413416
2395500
2346889
3988
2389594
2333991
2339528
2336140
2320743
1593192
2337516
2364309
2371607
2363659
2398645
2350416
2318080
2369026
2327253
2576
2379379
2318037
2357421
2382132
2334530
2365498
2394505
1592236
2371727
2346305
2383489
2367039
2344409
2352761
2355857
2370828
2404646
713938
2390482
2361743
2384891
2376244
2397525
2348375
1245
2345478
2392844
2339424
2357232
2398724
2389170
2372749
3038
2407545
2360719
2337518
2374188
2363723
2347002
2387321
2379775
2369303
2416286
2377490
2389275
2343414
2375397
2372384
2406752
2379636
2340976
2388717
2346223
2378879
2324112
2380338
2392512
2351647
2367739
2365744
2375174
2390464
2373670
2325910
2359489
2316406
2350669
2402124
1592423
2416129
2337616
2327408
2396531
2395686
4759
2333659
2338638
497962
2335255
2373384
2374593
2343708
2383251
3917
2362950
2325133
2344015
2406082
2393401
2332224
2390435
2390955
2377483
2384531
2319584
2360395
2343242
2392509
2320977
2387204
2398775
2397296
4525
2398377
2361385
2354888
2410235
2376633
2386315
2355984
2330438
2317776
2321467
2379424
2376943
2334226
2392613
2325742
2366465
2415111
2337509
2345004
2335082
2385456
2363965
2373506
2359093
2397643
2401991
2333860
2345267
2367972
2335715
1113
2387389
2409178
2338916
2318125
2402352
2385623
2396711
2330269
2402508
2349926
2378486
2410937
2322351
2376149
4773
2355628
2320567
2322469
2406564
2399916
2405577
2359014
2363153
2400037
2322119
2410155
2318111
2351126
2351229
2332018
2320090
2324887
2401575
2352581
2377511
2371812
2380632
2380925
2395620
2390991
2379951
2414283
2345653
2340646
2365520
2395525
2416732
2335874
2393961
2318891
2378540
2333806
2365400
286008
2365581
2376537
2327479
2362744
2398246
2340236
2352834
2383660
2366798
2380746
2370948
2413083
2364848
1159343
2390037
1159846
2369571
2319290
2350022
2417621
4853
2347188
2378942
2339387
2401366
2334696
2416934
2380857
2396082
2415215
2341587
2350017
2403296
2366769
2392498
2377638
2363881
2394474
2360075
2351852
2357050
713208
2404235
2328001
2391549
2326387
2335584
2341290
2343001
2360645
2353014
2371576
2375987
2320136
2324940
2417330
2395097
2414893
713756
2369587
2403751
1591847
2322087
2332244
2316757
2362589
2410979
2322732
2395267
2345887
2338253
2417157
2351084
2340756
2341024
2349198
2321101
713859
2396429
2363922
2315639
2336521
2399090
2410269
2359301
2319666
2326986
2363448
2412197
14
2379905
2393592
2335006
2318412
2386614
2379764
2319636
3713
2328790
2354849
2337709
2361378
2359709
2370358
2346410
2409698
2387707
2316257
2360627
2414137
4048
2376251
1546
2404611
2368254
2384333
2414394
2317237
2384312
2411531
2400329
2411109
2317450
2357118
2351642
2356212
2336965
2323442
2407747
2412271
2371350
2396847
2388124
2353611
2373399
2349152
2322116
2376869
2348736
2382149
2407251
2322607
2373044
2343813
2325167
2343042
2391961
2334349
2403953
2401159
2318633
2355046
2370928
2328849
2405455
2392728
2349435
1159852
2358342
2400381
2403013
2403613
2386391
2320612
2387299
2384955
522
2355894
2376659
2340367
2338688
2392040
2331978
2373691
2384272
2387286
2411410
2343630
2389069
2328879
2371625
3847
2371581
2408137
2323243
2404846
2337948
2377905
2371670
2411727
2373743
1497
2364867
2357114
2408457
2317052
2397467
2400917
1462
2345035
2341682
4538
2382121
2379412
2323339
2325610
2382557
2316080
2381554
2334367
2366782
2406241
2414048
2378448
2379184
2402109
2394315
2374903
2375660
1159742
2384848
2398004
2356163
2383332
2353807
2342257
2394766
2337700
2405927
2324559
2401856
2349592
498383
2395943
2356488
2375723
2323226
2407847
2329336
150500
2370017
2395127
2384729
2316140
2349452
2402433
2381278
2361480
2413009
2351890
2320290
2367242
2316991
2395121
2403000
2397579
2328172
2406743
2366352
2368604
2390411
2407223
2376031
2349257
2353533
2325095
2336744
2322023
2400462
2324516
2350668
2375657
2345102
2336112
2347216
498123
2382003
2365788
2328885
2352743
2416716
2389766
2330127
136
2347352
2331290
2377647
2330206
2330704
2327801
2354044
2337797
2380929
2357381
2327655
2399355
2363596
2351447
2466
2369754
2404562
2381683
2316626
2335053
2388009
2351374
603
2334165
2321292
2365078
2361412
2364407
2384084
2350610
2332181
2404674
2356445
2339401
2350674
285852
2332020
2340303
2371967
2367925
2354291
2324799
2378543
2407659
2391029
2385201
2395778
2321226
2344722
2348330
2378035
2377419
2320780
2415958
2414914
2319396
2348344
2024
2330318
2394155
2339864
2408793
2371370
2342372
2364025
2370858
2392038
2413933
2369424
2395993
2407497
2390203
2381353
2361046
2378111
2406369
2351338
2376108
2353174
2336167
2363562
2404916
2345104
2411109
2368923
2374667
2824
2356860
2365235
2345305
2348400
2372079
2621
2393094
2377034
2415316
871
2329205
2393003
2385145
3458
2402754
2415968
2317405
2393218
2337003
2377146
2338528
2383263
2358046
2399813
2355597
2379975
2343095
2363475
2384892
2337072
2318952
2366965
2411213
2410239
2678
2336712
2367669
2412996
2414859
2363117
2342819
2328019
2377709
2407892
2348598
2320362
2398123
2407336
2411762
2352608
2406155
2324461
2340683
2394376
2329460
2413029
2391213
2322702
2330258
2360556
2350795
2350297
2390715
1592018
2371201
2349711
1234
2341064
2390303
2396720
2365830
2335903
4048
2356186
2399255
2345810
2351546
2351843
2357357
2407856
2341388
2410286
2396697
2371618
2338837
2385053
2393163
2361163
2353082
2343069
2396481
2320041
2336421
2321855
713598
1592002
2357353
2324443
2371891
750
2345781
2370994
2367607
2324754
2344130
2349653
2331631
2327492
2372464
2326789
2398776
2367150
2335378
2417843
713166
8
2334981
2397088
2351780
2329955
2372865
2333738
2404978
2366000
2381223
2379806
2402625
2336448
3180
2416110
2375062
2332115
2359895
2378844
2417837
1572
2406600
2409478
2371938
2384151
2399222
2345426
2333179
2375317
2408999
2396107
2403352
2361778
2350534
2403477
2365793
2393047
2325143
2381952
2394181
2395911
2317221
2380279
501
2380148
2400021
1159560
2317990
2315755
2261
1592269
2327942
2355182
2371157
2392765
1159294
2392668
2377795
2360163
2321447
2413700
2392024
2356314
2366690
285666
2416652
2350115
2344541
2398578
286097
2324622
2368678
2365936
2365665
2382390
2318061
2358982
2360700
2401409
2334184
2387525
2386663
2386615
2384601
2408139
2316867
2336566
498301
2417759
2392644
2317234
2406327
2316405
2373679
2322198
2317303
2359713
1592461
2354873
2352713
2343921
2394147
2369869
2413575
2318297
2371147
2356621
2391995
2404388
2325153
2403987
2338514
2366221
2379898
2375345
2334951
2350557
2411753
2414990
2353354
2410062
2330190
2383441
2317616
2333563
2355429
2379355
2395039
2388858
2415643
2405957
2330022
2381701
713404
2382535
2378867
2394015
2379511
2415513
2389476
2360
2384842
2315938
2405370
2382425
2341491
2333606
1159834
2409835
2378597
26
3479
2319443
2319672
2336827
2316837
2410728
2367857
1359
2379202
2355346
2390032
2332707
2375886
2327070
2371658
2318534
2344272
2407860
2383623
2318823
2374625
2388383
2328306
2386
2416715
2338329
2333997
2353561
2405494
2359791
2344352
713134
2346426
2356947
2318354
2334976
1685
1020
713537
2343451
2356880
2316922
2416710
2345869
2326432
2320387
2384287
2376610
2339799
2343895
2349893
2332943
2365326
2345190
4049
712968
2351057
1159877
2355338
2325877
2347155
4924
2370833
2353108
2359816
2347371
2365589
2326625
2388936
2366569
2361024
2409488
2341828
2401580
2333850
2371124
2359260
2401703
2383558
2370231
2364619
2339447
2351947
2368832
2390122
2413044
2383472
2378342
2405634
713030
2327899
2332143
2384666
2347075
2317760
4320
2410643
2383111
2335521
2328743
2377229
2317575
2344812
2391331
2362084
2348915
2410849
2398930
2325728
2351846
2351002
2360942
2378957
2317610
2415697
2347984
2398103
1180
2331969
713490
2376078
2413392
2361347
2393869
2396341
2398911
2396639
2389077
2343196
2355217
2371888
2406985
2410862
2407457
2388238
2318122
2319730
2392778
2397835
2343075
2404135
2364168
2329895
2364812
2349879
2410677
2318521
2394482
2327924
2363152
244
2392746
2328167
2366105
2341114
2380082
2349301
2316838
2391852
2374774
2322930
498040
2403090
2407110
2366450
2336732
2329908
2417743
2387944
2348334
2396740
2375185
2390308
2404450
2387816
2378342
2342085
2341424
2325132
2346626
2348673
2412031
2342661
2335687
2359025
1159279
2394792
2389040
2329099
2369759
2372563
2326764
1159479
2325234
2400724
2387514
2369485
2357662
2412645
4634
2365089
2383021
2319423
712973
2394914
2355526
2412478
2347355
2364406
2335565
2404447
2354042
2406760
2339888
2317882
2412038
2357895
2350050
150537
2348250
2356132
2329933
2392525
2364024
2355955
2348918
2398779
2319321
2403357
2382524
2408329
2360512
2365340
2404690
2362247
2337914
2335343
2346241
2317636
2350332
551
2379403
2385788
2385121
2390681
2322919
2406122
2364194
2319331
2346917
2069
2374345
2411264
2348512
2416869
2335154
2328548
2357262
2526
2331415
873
2413406
2403726
2402788
2335726
2403552
2341944
2401717
2410101
1159612
2417056
2318743
2356425
2389757
2375957
2334245
2397388
2398895
2393333
2353287
2404718
2316171
2337752
2360723
498025
2378861
2406866
2395764
2386583
475
2358191
2322989
2330959
2389932
2381999
2351171
2369163
2383673
2351906
2393257
2339847
2360669
1159933
2348309
2337027
2344901
3704
2356032
2358690
2408513
2405548
2373827
2353678
2318442
2384927
2390899
2389827
2361702
2373505
2324090
2411990
4859
2320259
2386850
2326895
2343437
2404399
2347841
4844
2327714
2354743
2351218
2390633
2343374
2358039
2355631
2384549
2361514
2368026
286018
2331737
2393863
2317826
2359665
2982
2365680
2410001
2395855
1592430
2354152
2399461
2381031
2404917
2390087
2364778
2347539
2409936
2370187
2387603
2365803
3239
2377197
2498
2376130
2348528
2384429
2414321
2403622
2322329
2335790
2404450
2325950
2382740
2322166
2377404
2389078
2373938
2336303
2362107
2340347
2334046
2369379
2358093
2353506
2355319
2398358
3569
1592153
2381166
2382034
2377248
2396855
2359997
1593040
2392007
2399035
2359577
2331346
2355550
2403402
2353602
2393525
2343924
2375167
2417052
2386510
2405689
2335986
1592707
992
2345066
4359
2377533
477
2386827
2353580
2389202
2342628
2819
2337396
2411501
2346183
2388108
2330275
2380001
2414458
2401203
2389264
2368419
2332741
150372
2330583
2336361
2397137
2384935
2372970
2333602
2401964
2393123
2367793
713918
2338980
2402158
2054
1159400
2338125
2319049
2327007
2404530
2316365
2350321
1160192
2324922
2368029
2405571
2405421
2353059
2322966
2334903
2373666
2371458
2319855
2370923
2411542
3801
2345488
2385065
2337461
2391345
2323991
148
2356546
2368730
2334676
2397579
2355491
2406371
2331423
2396601
2402777
2364167
2390427
2383005
2369306
107992
1240
2333463
2316513
2367605
2317262
2362442
2363499
2410230
2385274
2323308
2395403
2349883
2367739
2390018
2380770
2359274
2343659
2377559
2383929
2390314
3923
2409870
2362714
2381089
2323448
2403206
2400080
2384734
1940
2386437
2331803
2413761
2378060
2389833
2343287
2373023
2397806
2372670
497971
2371954
2382135
2397093
2367914
1593111
2320305
2371836
2321117
1159778
4671
2399131
2401340
2371121
2404037
2343870
2353132
2321101
2409622
2402892
2405266
1160019
2416144
2402865
2349328
2416349
2344096
2390632
2412668
2335772
2345125
2338183
2368911
2405982
2356352
2349850
2351396
2399655
2326284
2342670
2402912
2415992
2349490
2417633
2367571
2353574
2360199
2414033
2406456
2375017
2405697
2393516
2387449
2338045
2320330
2365936
2282
2372545
2371253
2382780
2384184
2366879
2348127
2344307
2327566
2358395
2393471
678
2332367
2373290
2331213
2351263
3900
285821
2374030
2317563
2399134
2348695
285865
2358594
2373376
2377217
2326814
2404560
2317016
2355977
2372830
2391804
713207
2394868
2413758
2336538
2393003
2333658
1159624
2388605
2327228
2374342
2380098
2387370
2417918
2337379
2377765
2395190
2378136
2398545
2350472
2402331
2352795
2383623
2390154
2374227
2343599
2328011
2330805
2416318
2368799
2379027
2388400
2318859
2352385
2379184
2346994
2402304
2415824
2340063
2365747
2413946
1529
2378940
2348596
2374636
2326129
2402138
2330007
2412857
2364404
2379108
498102
2342085
2406681
2369329
2342970
2340156
2381106
1592666
2332590
2384538
2333948
2379999
2404167
2345496
2417061
3628
2315931
2349795
2326931
2390033
2366153
2366542
2380479
2416822
2405031
2361049
2404734
2366729
2361836
2382584
2374784
2319982
2321896
2372474
2362257
2329782
2345023
2333825
2400016
2328715
2374807
2328101
2320290
2318700
2400604
2345675
2400990
2374312
2394762
2363091
2331125
2409866
2316800
2378313
2360991
2333957
2406758
2386489
498153
2417256
2371529
2386547
2406836
2409717
2395549
2407545
2327884
2344767
2332597
2384911
2395079
2340657
2384655
2354234
2357480
2386497
2355016
1591948
2369971
2328970
2379327
2336077
2385339
2406345
2369515
2409514
2364071
2358965
2359043
2340579
2387115
2327408
2363380
2401587
2358889
2331511
2404481
2410000
2394361
2407709
2383958
2344518
2367447
2322522
2375684
2352260
2333622
2365526
2318005
2341807
2317613
2352886
2388179
2318910
2368578
2354774
2401642
2384173
2335192
2323963
2354395
2410965
2376951
2395759
2382393
2331831
2412792
2406705
2395948
1592991
2364131
2354051
2341889
2358410
2344017
2345624
2333691
2382624
2394750
2353434
2330023
713572
2410057
2347796
2368280
2324262
2321582
2411787
2356146
2414832
2360869
2329250
2378910
2365656
2398458
2331443
2396913
2319990
2405071
2399150
694
2336482
2327317
2371260
2385930
2323690
2403277
2381003
498381
383
2402875
2337742
2341680
2405165
2346147
1855
2410305
2383092
2341408
2353714
2406625
2358077
2403216
2411477
1593006
2381508
2416184
2414973
2411432
2386667
2371119
2352338
2351058
2328768
2316966
1160043
2342259
2385449
2399711
2336513
2411698
2374684
2326695
2352602
2385045
1592229
2381165
2413751
2417776
2378139
2332368
2338514
2333592
150535
2394921
2371618
2359476
2381001
2334635
2344643
2380348
3720
2413667
2320397
2348095
2375840
2363770
2389122
2345970
2400188
2376862
2377354
2347962
2362835
2328271
2377103
2319842
2358466
2401064
1593205
2331632
2336269
2324806
2346821
4668
2329517
2363034
2377912
2335354
2364321
2409484
150540
713594
2334873
2367553
2397219
2338374
2330112
2359584
2324841
2333116
2362023
2376687
2345551
2376704
2337054
2388193
2343122
2417349
2371979
2328746
2321500
2394160
2388708
2390325
2413839
2378458
2398526
2330983
2331511
2387659
2316273
2354014
2399261
2380116
2321415
2341694
285658
3961
2330066
2400507
1795
2351664
2403430
2370621
1593005
2358928
2379473
2415913
2400480
2324797
2398536
2386728
2359818
2403673
2409290
2391927
2377677
2414399
2416876
2392336
2377455
2332913
2353272
2346404
2373414
2345022
2358104
2317651
2349854
2335120
2381062
2412005
2319313
2317917
2326225
2414017
2356329
2361986
2389007
2408520
2399583
2316846
2367158
2344483
2326700
2385580
2394945
372
1592777
2362237
2358485
2335902
2320108
2370626
2335154
2355409
2383370
2357082
2393932
2349807
2386704
2373493
2363060
2317146
2407641
2404715
2322286
2319493
1159827
2393257
2392887
2325531
2394684
2408787
2356679
2396801
2373958
2335062
4920
2346297
2399059
2345010
2384116
2409981
2357024
2373190
2366405
2396620
150499
2319521
2355654
2318402
2328542
2371816
2382930
2318347
2374966
2393398
2351195
2355408
2315360
2335723
2372330
2345689
2637
2362882
2334546
3156
2340936
712969
2409033
2410248
2368911
2385142
2370928
2408577
2401711
2394611
2382922
2401503
2399383
2385250
2227
2317350
2337509
2370518
1592957
2320603
2404068
2353771
2406952
2327468
2416334
1592270
2316463
2357100
2346348
2379523
2342120
2354458
2389639
2388283
2328971
2329716
2315740
2336737
2317511
2321121
2399285
2333453
2344853
2357226
2394217
2378033
2374431
2355723
2345765
2365570
2352420
2318495
2373627
2404737
2372564
2409130
4090
1593236
2367705
3733
2381734
2401669
2398633
2380833
1592758
2353415
2402229
2329302
2385087
2316214
2370534
2384638
2368321
2417198
2393823
2394654
2330532
2348187
2364763
2405090
2938
2398758
2402175
2315552
2389645
2359168
3349
2381580
2347715
2368844
2376082
2340687
2346475
2336501
2384952
2327736
2417453
2317166
2325414
4157
2416835
2321376
2354740
2415883
2373374
2354703
2416074
2404958
4098
2371447
2357487
1160108
2376055
2321234
2379205
2323574
2379565
2394223
2408587
2379972
2396223
2347852
2381436
2373073
2397100
1958
2349155
2355202
2393297
2343248
2394195
2333126
2353
2378228
337
2360543
2393026
4581
2385265
2336766
285709
2356669
2378548
2361495
2323621
2339745
2334846
2322805
2401389
2414391
1501
2327289
2339983
1159638
2382508
2330158
2384800
2326324
2360409
2349693
1346
2383499
2413662
2329398
2388841
2322951
2329078
2388819
2395043
2353816
2329221
2324572
2372436
2341648
2361580
2405145
2394557
2395191
2344853
2358239
2352762
1592520
2382287
2367230
2388232
2323267
2376494
2363441
2318352
2350219
2338100
2368175
1496
713619
2357751
2362341
2350286
712989
2342566
2329328
2365347
2404993
2386077
2395381
2390320
2397531
2322608
2357328
2382314
2360616
2349959
2405691
2411314
2369672
2387104
2340561
2397964
2409524
2601
2395392
3935
2414100
2352688
2371001
2389684
2388657
2632
2377858
2363991
2363721
2379669
2324480
2393844
2352292
2356748
2371153
2396633
2380999
2347593
2413696
2384981
2392451
2318600
2321745
2384211
2354194
2412386
2343144
2394527
2329655
2363127
2356768
2355383
2362508
2315708
498279
2408502
3222
2361016
2391765
2323124
2349821
2376546
2332895
2331364
1159456
2381936
2380503
2387487
2417732
2385047
2319225
2349764
2379247
1592545
2352779
2329220
2341084
2389066
2347721
2381930
480
2391143
2373377
2333429
2348691
2345045
2357611
2396805
1159692
2369884
2320857
2352677
2400120
713637
2378261
2339560
2322017
377
2341925
2399034
2342717
2375649
2395443
2390083
2385907
2322152
2384589
2378106
2330613
2392261
2415534
2398826
2325305
2347668
2376484
2334585
2388265
2372752
2392261
2336048
2376538
2337075
2367271
2340042
2373068
1160081
2396686
2376882
2347237
2380651
2393315
2417118
2402407
2355627
2336874
2349579
2990
498130
2413719
2406615
2361747
2384843
2399807
2384784
2389550
2329985
2376639
2376826
150543
2378664
2320238
2319078
2331945
2361991
4332
2347572
2385091
4191
2368876
2351637
2342236
2390565
2332668
2343621
2316668
2357515
713497
2329392
2395898
805
2324992
2405661
2351055
2379003
2335237
2364649
2328876
2379775
2354801
2411247
2373282
2343957
2408860
2396131
4292
2370366
2417173
2348623
2377606
801
2337502
2372202
1159531
2349062
2326888
2353680
2346161
2345172
2372815
915
2373799
2339329
2396259
2346153
2317545
2362726
1592411
2415656
718
2332802
2345262
2382276
2360551
2380884
2389520
2405210
2369195
2400082
2400744
2336484
2400633
713241
4660
2389889
2396861
2367470
2340383
2320646
2412841
2384582
2386150
2370385
2348298
2362527
2317101
2316269
2375947
2410804
2398648
2362162
2352448
2381538
2414523
2407002
2354992
2409247
2395534
2396580
2344161
2336874
2339423
2321495
2406582
3894
2404302
2331531
2382702
2402689
2355615
2399552
2325924
2363884
2393263
2392564
2404961
2374786
2369269
2326739
2377769
2340494
2342380
2329960
4619
2317174
2406334
2360409
2330512
2377840
2315587
2408909
2339270
2358
2380639
2365819
498253
2333196
498179
2332918
2344644
2322350
2390550
2830
2340229
2354014
2415725
2372121
2378379
2323428
2367344
2357410
2341268
4423
2342010
2415770
2349764
2351582
2325935
2417809
1592228
1159806
2336730
2333951
2326564
2346175
2410711
2360330
2396890
2338778
2369238
2390927
2353226
2372012
2366815
2374881
2346879
2315843
2383301
2316613
2339513
2381519
2349228
2352263
2317138
2406493
2387300
2374527
2413751
2401086
2367781
2416287
2408977
2400321
2321760
2438
2402687
2403153
2380549
2395224
2320499
2400152
2335556
2360080
2402917
2369779
1593216
2408133
2350770
2377686
2317828
129
2398809
2342545
2373660
2339863
2397952
2396378
2384254
2410285
2336313
2338007
2333164
498181
2384150
2344224
2349400
2369402
2417237
2359591
2376329
2358256
2324526
2366447
2358420
2325434
1450
2414974
1592279
2383940
2406037
2354145
2412123
2383829
2347239
2410975
2394757
713759
498348
2317403
2386656
2336832
2377324
2342313
2400398
2366165
2381604
2334301
2361022
2415017
2374489
2399480
2363254
1020
2326967
2355735
2386241
2412313
2339725
2412269
2366463
2386625
2392407
2729
2374286
2375976
2328209
2342562
2322470
2328330
2395362
2351724
2370445
2361324
2366167
2364963
2408416
2387503
1006
2399063
2317827
713831
2397355
2351424
2399346
2355262
2331169
2329864
2367488
2362321
2361218
2398428
215